0000000000000000000000000000000000000000000000000000000000000000000000000000000
0000000000000000000000000000000000000000000000000000000000000000000000000000000
0000000000000000001100000100100100000000001000111111001000000000000000000000000
0000000000000000001010000100100010000000010000100000001000000000000000000000000
0000000000000000001001000100100001000000100000111111001000000000000000000000000
0000000000000000001000100100100000100001000000100000001000000000000000000000000
0000000000000000001000010100100000010010000000100000001000000000000000000000000
0000000000000000001000001100100000001100000000111111001111110000000000000000000
0000000000000000000000000000000000000000000000000000000000000000000000000000000
0000000000000000000000000000000000000000000000000000000000000000000000000000000
0000000000000000000000000000000001111110000000000000000000000000000000000000000
0000000000000000000000000000000000000010000000000000000000000000000000000000000
0000000000000000000000000000000000000010000000000000000000000000000000000000000
0000000000000000000000000000000001111110000000000000000000000000000000000000000
0000000000000000000000000000000000000010000000000000000000000000000000000000000
0000000000000000000000000000000000000010000000000000000000000000000000000000000
0000000000000000000000000000000001111110000000000000000000000000000000000000000
0000000000000000000000000000000000000000000000000000000000000000000000000000000
0000000000000000000000000000000000000000000000000000000000000000000000000000000
0000000000000000000000000000000000000000000000000000000000000000000000000000000
0000000000000000000000000000000000000000000000000000000000000000000000000000000
0000000000000000000000000000000000000000000000000000000000000000000000000000000
0000000000000000000000000000000000000000000000000000000000000000000000000000000
0000000000000000000000000000000000000000000000000000000000000000000000000000000